{
 "cells": [
  {
   "cell_type": "markdown",
   "metadata": {},
   "source": [
    "# Shapley value of features\n",
    "\n",
    "Shapley value is a game theory tool allowing one to determine how much an agent contributes to a payoff game. It can be applied in machine learning to interpret each feature importance."
   ]
  },
  {
   "cell_type": "code",
   "execution_count": 1,
   "metadata": {},
   "outputs": [
    {
     "name": "stdout",
     "output_type": "stream",
     "text": [
      "Populating the interactive namespace from numpy and matplotlib\n"
     ]
    }
   ],
   "source": [
    "import pandas as pd\n",
    "%pylab inline"
   ]
  },
  {
   "cell_type": "code",
   "execution_count": 2,
   "metadata": {},
   "outputs": [
    {
     "data": {
      "text/html": [
       "<div>\n",
       "<style>\n",
       "    .dataframe thead tr:only-child th {\n",
       "        text-align: right;\n",
       "    }\n",
       "\n",
       "    .dataframe thead th {\n",
       "        text-align: left;\n",
       "    }\n",
       "\n",
       "    .dataframe tbody tr th {\n",
       "        vertical-align: top;\n",
       "    }\n",
       "</style>\n",
       "<table border=\"1\" class=\"dataframe\">\n",
       "  <thead>\n",
       "    <tr style=\"text-align: right;\">\n",
       "      <th></th>\n",
       "      <th>features</th>\n",
       "      <th>Sen_DD</th>\n",
       "      <th>Sen_std_DD</th>\n",
       "      <th>Sen_CO</th>\n",
       "      <th>Sen_std_CO</th>\n",
       "      <th>Sen_TD</th>\n",
       "      <th>Sen_std_TD</th>\n",
       "      <th>Spe_DD</th>\n",
       "      <th>Spe_std_DD</th>\n",
       "      <th>Spe_CO</th>\n",
       "      <th>Spe_std_CO</th>\n",
       "      <th>Spe_TD</th>\n",
       "      <th>Spe_std_TD</th>\n",
       "      <th>geom_mean</th>\n",
       "      <th>geom_mean_std</th>\n",
       "    </tr>\n",
       "  </thead>\n",
       "  <tbody>\n",
       "    <tr>\n",
       "      <th>0</th>\n",
       "      <td>000000010</td>\n",
       "      <td>0.2700</td>\n",
       "      <td>0.000000</td>\n",
       "      <td>0.7030</td>\n",
       "      <td>0.032078</td>\n",
       "      <td>0.5700</td>\n",
       "      <td>0.000000</td>\n",
       "      <td>0.7682</td>\n",
       "      <td>0.060023</td>\n",
       "      <td>0.3840</td>\n",
       "      <td>0.011489</td>\n",
       "      <td>0.6600</td>\n",
       "      <td>0.000000</td>\n",
       "      <td>0.525522</td>\n",
       "      <td>0.000000</td>\n",
       "    </tr>\n",
       "    <tr>\n",
       "      <th>1</th>\n",
       "      <td>000000011</td>\n",
       "      <td>0.8300</td>\n",
       "      <td>0.000000</td>\n",
       "      <td>0.4956</td>\n",
       "      <td>0.014988</td>\n",
       "      <td>0.5000</td>\n",
       "      <td>0.000000</td>\n",
       "      <td>0.6000</td>\n",
       "      <td>0.000000</td>\n",
       "      <td>0.5452</td>\n",
       "      <td>0.004996</td>\n",
       "      <td>0.6604</td>\n",
       "      <td>0.009992</td>\n",
       "      <td>0.595135</td>\n",
       "      <td>0.000000</td>\n",
       "    </tr>\n",
       "    <tr>\n",
       "      <th>2</th>\n",
       "      <td>000000100</td>\n",
       "      <td>0.6330</td>\n",
       "      <td>0.011705</td>\n",
       "      <td>0.4080</td>\n",
       "      <td>0.010954</td>\n",
       "      <td>0.5090</td>\n",
       "      <td>0.038013</td>\n",
       "      <td>0.5764</td>\n",
       "      <td>0.018629</td>\n",
       "      <td>0.4512</td>\n",
       "      <td>0.025428</td>\n",
       "      <td>0.5102</td>\n",
       "      <td>0.021586</td>\n",
       "      <td>0.509256</td>\n",
       "      <td>0.019183</td>\n",
       "    </tr>\n",
       "    <tr>\n",
       "      <th>3</th>\n",
       "      <td>000000101</td>\n",
       "      <td>0.6744</td>\n",
       "      <td>0.011859</td>\n",
       "      <td>0.5100</td>\n",
       "      <td>0.021817</td>\n",
       "      <td>0.5594</td>\n",
       "      <td>0.031900</td>\n",
       "      <td>0.6310</td>\n",
       "      <td>0.017578</td>\n",
       "      <td>0.5556</td>\n",
       "      <td>0.021275</td>\n",
       "      <td>0.5516</td>\n",
       "      <td>0.017362</td>\n",
       "      <td>0.577791</td>\n",
       "      <td>0.019417</td>\n",
       "    </tr>\n",
       "    <tr>\n",
       "      <th>4</th>\n",
       "      <td>000000110</td>\n",
       "      <td>0.5624</td>\n",
       "      <td>0.012257</td>\n",
       "      <td>0.5008</td>\n",
       "      <td>0.037515</td>\n",
       "      <td>0.6282</td>\n",
       "      <td>0.013068</td>\n",
       "      <td>0.5048</td>\n",
       "      <td>0.018787</td>\n",
       "      <td>0.5752</td>\n",
       "      <td>0.020999</td>\n",
       "      <td>0.6222</td>\n",
       "      <td>0.009009</td>\n",
       "      <td>0.563351</td>\n",
       "      <td>0.016657</td>\n",
       "    </tr>\n",
       "  </tbody>\n",
       "</table>\n",
       "</div>"
      ],
      "text/plain": [
       "    features  Sen_DD  Sen_std_DD  Sen_CO  Sen_std_CO  Sen_TD  Sen_std_TD  \\\n",
       "0  000000010  0.2700    0.000000  0.7030    0.032078  0.5700    0.000000   \n",
       "1  000000011  0.8300    0.000000  0.4956    0.014988  0.5000    0.000000   \n",
       "2  000000100  0.6330    0.011705  0.4080    0.010954  0.5090    0.038013   \n",
       "3  000000101  0.6744    0.011859  0.5100    0.021817  0.5594    0.031900   \n",
       "4  000000110  0.5624    0.012257  0.5008    0.037515  0.6282    0.013068   \n",
       "\n",
       "   Spe_DD  Spe_std_DD  Spe_CO  Spe_std_CO  Spe_TD  Spe_std_TD  geom_mean  \\\n",
       "0  0.7682    0.060023  0.3840    0.011489  0.6600    0.000000   0.525522   \n",
       "1  0.6000    0.000000  0.5452    0.004996  0.6604    0.009992   0.595135   \n",
       "2  0.5764    0.018629  0.4512    0.025428  0.5102    0.021586   0.509256   \n",
       "3  0.6310    0.017578  0.5556    0.021275  0.5516    0.017362   0.577791   \n",
       "4  0.5048    0.018787  0.5752    0.020999  0.6222    0.009009   0.563351   \n",
       "\n",
       "   geom_mean_std  \n",
       "0       0.000000  \n",
       "1       0.000000  \n",
       "2       0.019183  \n",
       "3       0.019417  \n",
       "4       0.016657  "
      ]
     },
     "execution_count": 2,
     "metadata": {},
     "output_type": "execute_result"
    }
   ],
   "source": [
    "# Data gathering\n",
    "df = pd.read_csv('triple_res.txt')\n",
    "df['features'] = df['features'].apply(lambda s: s[1:])\n",
    "df.head()"
   ]
  },
  {
   "cell_type": "code",
   "execution_count": 3,
   "metadata": {
    "collapsed": true
   },
   "outputs": [],
   "source": [
    "lookup_results = {}\n",
    "for ftr, sen_dd, a, sen_co, _, sen_td, _, spe_dd, b, spe_co, _, spe_td, _, geom, _ in array(df):\n",
    "    lookup_results[ftr] = [sen_dd, sen_co, sen_td, spe_dd, spe_co, spe_td, geom]\n",
    "lookup_results['0'*9] = [0]*7\n",
    "lookup_results['0'*8 + '1'] = [0]*7"
   ]
  },
  {
   "cell_type": "code",
   "execution_count": 4,
   "metadata": {
    "collapsed": true
   },
   "outputs": [],
   "source": [
    "# Factorial function\n",
    "def fact(n):\n",
    "    if n not in fact.memoize:\n",
    "        fact.memoize[n] = fact(n - 1)*n\n",
    "    return fact.memoize[n]\n",
    "fact.memoize = {0: 1}"
   ]
  },
  {
   "cell_type": "code",
   "execution_count": 5,
   "metadata": {
    "collapsed": true
   },
   "outputs": [],
   "source": [
    "# binary(n) converts n into a binary string\n",
    "# useful to enumerate feature combinations\n",
    "def binary_rec(n):\n",
    "    if n not in binary_rec.memoize:\n",
    "        binary_rec.memoize[n] = binary_rec(n // 2) + str(n % 2)\n",
    "    return binary_rec.memoize[n]\n",
    "binary_rec.memoize = {0: '0', 1: '1'}\n",
    "\n",
    "def binary(n, l):\n",
    "    if (n, l) not in binary.memoize:        \n",
    "        b = binary_rec(n)\n",
    "        binary.memoize[(n, l)] = '0'*(l - len(b)) + b\n",
    "    return binary.memoize[(n, l)]\n",
    "binary.memoize = {}\n",
    "\n",
    "def binary_set(n):\n",
    "    if n not in binary_set_memoize:\n",
    "        binary_set_memoize[n] = [\n",
    "            binary(i, n) for i in range(2**n)\n",
    "        ]\n",
    "    return binary_set_memoize[n]\n",
    "binary_set_memoize = {}\n",
    "\n",
    "def weight(bin_str):\n",
    "    if bin_str not in weight_memoize:\n",
    "        weight_memoize[bin_str] = sum(list(map(int, bin_str)))\n",
    "    return weight_memoize[bin_str]\n",
    "weight_memoize = {}"
   ]
  },
  {
   "cell_type": "code",
   "execution_count": 6,
   "metadata": {
    "collapsed": true
   },
   "outputs": [],
   "source": [
    "def get_joint(values, i, j, evaluation):\n",
    "    assert i != j, \"i and j must be different.\"\n",
    "    value = 0\n",
    "    for bin_str in binary_set(7):\n",
    "        if i > j: i, j = j, i;  \n",
    "        bin_str_in, bin_str_out = (\n",
    "            bin_str[:i] + '1' + bin_str[i:j-1] + '1' + bin_str[j-1:],\n",
    "            bin_str[:i] + '0' + bin_str[i:j-1] + '0' + bin_str[j-1:]\n",
    "        )\n",
    "        nu = max(0, values[bin_str_in][evaluation] - values[bin_str_out][evaluation])\n",
    "        S = weight(bin_str)\n",
    "        value += fact(S)*fact(7 - S)*nu\n",
    "    return value/fact(8)\n",
    "\n",
    "def get_marginal(values, i, j, evaluation):\n",
    "    \"\"\" i: in, j: out \"\"\"\n",
    "    assert i != j, \"i and j must be different.\"\n",
    "    value = 0\n",
    "    for bin_str in binary_set(7):\n",
    "        a, b = min(i, j), max(i, j)\n",
    "        bin_str_in, bin_str_out = (\n",
    "            bin_str[:a] + 'a' + bin_str[a:b-1] + 'b' + bin_str[b-1:],\n",
    "            bin_str[:a] + '0' + bin_str[a:b-1] + '0' + bin_str[b-1:]\n",
    "        )\n",
    "        if i == a:\n",
    "            bin_str_in = bin_str_in.replace('a', '1').replace('b', '0')\n",
    "        else:\n",
    "            bin_str_in = bin_str_in.replace('a', '0').replace('b', '1')\n",
    "        nu = max(0, values[bin_str_in][evaluation] - values[bin_str_out][evaluation])\n",
    "        S = weight(bin_str)\n",
    "        value += fact(S)*fact(7 - S)*nu\n",
    "    return value/fact(8)          "
   ]
  },
  {
   "cell_type": "code",
   "execution_count": 7,
   "metadata": {
    "collapsed": true
   },
   "outputs": [],
   "source": [
    "def get_interaction(values, i, j, evaluation):\n",
    "    return (\n",
    "        get_joint(values, i, j, evaluation) - \n",
    "        get_marginal(values, i, j, evaluation) -\n",
    "        get_marginal(values, j, i, evaluation)\n",
    "    )"
   ]
  },
  {
   "cell_type": "code",
   "execution_count": 8,
   "metadata": {
    "collapsed": true
   },
   "outputs": [],
   "source": [
    "def get_shapley(values, i, evaluation):\n",
    "    value = 0\n",
    "    for bin_str in binary_set(8):\n",
    "        bin_str_in, bin_str_out = (\n",
    "            bin_str[:i] + '1' + bin_str[i:],\n",
    "            bin_str[:i] + '0' + bin_str[i:]\n",
    "        )\n",
    "        nu = max(0, values[bin_str_in][evaluation] - values[bin_str_out][evaluation])\n",
    "        S = weight(bin_str)\n",
    "        value += fact(S)*fact(9 - S)*nu\n",
    "    return value/fact(9)"
   ]
  },
  {
   "cell_type": "code",
   "execution_count": 52,
   "metadata": {},
   "outputs": [],
   "source": [
    "e = 1\n",
    "\n",
    "shap1 = [get_shapley(lookup_results, i, e) for i in range(9)]\n",
    "shap1 = shap1/sum(shap1)"
   ]
  },
  {
   "cell_type": "code",
   "execution_count": 53,
   "metadata": {},
   "outputs": [
    {
     "name": "stdout",
     "output_type": "stream",
     "text": [
      "[1.4148722222222216, 0.16029999999999994, 0.95665079365079386, 0.37452619047619068, 1.072379365079366, 0.21712777777777792, 1.0853992063492066, 0.63705158730158751, 0.39629047619047619]\n",
      "[0.61524841269841257, 0.12348015873015886, 0.52493333333333358, 0.57747222222222216, 0.89726031746031754, 0.21924047619047646, 0.75029126984127026, 0.90843968253968188, 0.45114126984127007]\n",
      "[0.82329523809523875, 0.80908492063492077, 0.69765952380952345, 0.90907619047619037, 0.60724999999999951, 0.97820238095238143, 0.83004365079364983, 0.88960634920634929, 0.10857380952380948]\n",
      "[1.2811730158730157, 0.19680555555555557, 0.70175634920634955, 0.65070714285714226, 0.96574761904761919, 0.72300238095238123, 0.80905952380952384, 1.0501492063492064, 0.19449206349206358]\n",
      "[0.59089206349206336, 0.30832619047619064, 0.52814603174603203, 0.65867539682539678, 0.82003253968253886, 0.6964849206349204, 0.84430476190476067, 0.54318571428571405, 0.37788571428571405]\n",
      "[0.75328492063492081, 0.40008571428571421, 0.75915714285714253, 0.59119682539682528, 0.58317539682539654, 0.44043650793650763, 0.83970396825396776, 1.0065920634920646, 0.14615158730158737]\n",
      "[0.87890732142857098, 0.19186469047619042, 0.66426801587301565, 0.59239711111111104, 0.80657760317460359, 0.41322192063492053, 0.85512638492063464, 0.77051233333333258, 0.22473438888888869]\n"
     ]
    }
   ],
   "source": [
    "for e in range(7):\n",
    "    print([get_shapley(lookup_results, i, e) for i in range(9)])"
   ]
  },
  {
   "cell_type": "code",
   "execution_count": 56,
   "metadata": {},
   "outputs": [],
   "source": [
    "shap1 = [0.29, 0.035, 0.14, 0.075, 0.34, 0.04, 0.165, 0.23, 0.175]\n",
    "shap1 = shap1/sum(shap1)\n",
    "gini= [0.25763646, 0.0112811 , 0.12601283, 0.0370286 , 0.21686219,\n",
    "       0.02812521, 0.1638016 , 0.09177355, 0.06747844]"
   ]
  },
  {
   "cell_type": "code",
   "execution_count": 58,
   "metadata": {},
   "outputs": [
    {
     "data": {
      "image/png": "iVBORw0KGgoAAAANSUhEUgAAAX8AAAD+CAYAAADS3wWuAAAABHNCSVQICAgIfAhkiAAAAAlwSFlz\nAAALEgAACxIB0t1+/AAAIABJREFUeJztnXt0XdV95z8/WZZlYYNtbAzGGIwNGMzbZDq0gRBIQ2lJ\nSUmzCPSRaSmUrknTTia0KWUVSGfS0CTATNKWJs2zSeo+kmZCG0qAmQDNA2ILC2FFsaxYqJaFFdVy\nVEWybPnu+eOce7iIfc69kq68t+XvZ6277r3n+Tl77/s7v3se+5hzDiGEEMcWDaEFhBBCHHkU/IUQ\n4hhEwV8IIY5BFPyFEOIYRMFfCCGOQRT8hRDiGKSm4G9m55nZk2Y2amZ7zOz9ZjavyjxnmJnzvDbX\nR10IIcR0aaw2gZktBZ4AOoAbgHXAR0h2HHfXsI73At+s+D44dU0hhBD1pGrwB+4AFgI3OueGgcfN\n7HjgXjP703RYEd93zn1npqJCCCHqRy2Hfa4DHpsU5DeT7BDeMCtWQgghZpVagv8GoLNygHOuFxhN\nx1Xj02Z22Mz6zewBM1s4DU8hhBB1pJbDPkuB/Z7hQ+m4PMaBPwO+DgwDVwG/T3LO4AbfDGZ2O3A7\nQEtLy6azzjqLct9DDQ0NTExMMH/+fA4ePEhzczOjo6O0tLS85v3AgQM0NTVx6NAhGhsbKZVK5eVT\nKpVobGzk4MGDLFiwgAMHDrBw4cLXLGNsbIzm5mYOHjxIY2Mjhw8fpqEh2VeWSiXmzZvHxMQETU1N\nVZcxPj5OU1MTExMTNDQ0aJu0TdombdOsbdPzzz8/6JxbURCbgdqC/7RwzvUD76oY9A0z2wv8uZld\n5Jxr88zzceDjAJdddpnbsmXLbOnVRHd3N+vWrQvqUEYufuTiRy75xOQzGy5m9lIt09Vy2GcIOMEz\nfGk6bir8Q/p+6RTnC8KyZctCK2TIxY9c/Mgln5h8QrrUEvw7mXRs38xOA1qYdC6gBo6q/qNHR0dD\nK2TIxY9c/Mgln5h8QrrUEvwfBa41s8UVw24CxoCnpri+X0zft05xviCUj9/FgFz8yMWPXPKJySek\nSy3H/B8G3g182czuB84E7gUeqLz808x2Ak85525Nv98DHAd8CxgBrgTuBL7snHuhnhsxW8yfPz+0\nQoZc/MjFj1zyicknpEvV3Y5zbgi4BpgHPALcBzwI3DNp0sZ0mjLfB64GPgt8DbgF+FD6flQwMjIS\nWiFDLn7k4kcu+cTkE9Klpqt9nHMdJIG8aJozJn3fTHIz2FHL8uXLQytkyMWPXPzIJZ+YfEK6xHPw\nK0J2794dWiFDLn7k4kcu+cTkE9LFYn2AewzX+U9MTNDYOGu3QkwJufiRix+55BOTz2y4mNlW59xl\n1aZT5l/A9u3bQytkyMWPXPzIJZ+YfEK6KPMXQog5hDL/OrB1azy3I8jFj1z8yCWfmHxCuijzF0KI\nOYQy/zqgDMGPXPzIxU9MLhCXjzJ/D8r8hRBi6ijzrwPt7e2hFTLk4kcufuSST0w+IV2U+RcwPj7O\nggULgjqUkYsfufiRSz4x+cyGizL/OtDb2xtaIUMufuTiRy75xOQT0kXBv4CVK1eGVsiQix+5+JFL\nPjH5hHRR8C9g/37fo4vDIBc/cvEjl3xi8gnpouBfQHNzc2iFDLn4kYsfueQTk09IFwV/IYQ4BlHw\nL+DAgQOhFTLk4kcufuSST0w+IV0U/AtYsmRJaIUMufiRix+55BOTT0gXBf8C9u7dG1ohQy5+5OJH\nLvnE5BPSRTd5FTDXbwaZLnLxIxc/MblAXD66yStSduzYEVohQy5+5OJHLvnE5BPSRZm/EELMIZT5\n1wF1/epHLn7k4icmF4jLR106e1DmL4QQU0eZfx1QhuBHLn7k4icmF4jLR5m/B2X+QggxdZT514G2\ntrbQChly8SMXP3LJJyafkC7K/AuYmJigsbExqEMZufiRix+55BOTz2y4KPOvAzt37gytkCEXP3Lx\nI5d8YvIJ6aLgX8Dq1atDK2TIxY9c/Mgln5h8Qroo+BcwODgYWiFDLn7k4kcu+cTkE9JFwb+ARYsW\nhVbIkIsfufiRSz4x+YR0qSn4m9l5ZvakmY2a2R4ze7+Zzat1JWbWYGZbzMyZ2fXT1z2yHDp0KLRC\nhlz8yMWPXPKJySekS9XTzGa2FHgC6ABuANYBHyHZcdxd43p+A4jnQFuNlEql0AoZcvEjFz9yyScm\nn5AutWT+dwALgRudc4875x4G7gPeY2bHV5s53Xn8T+APZ2QagJaWltAKGXLxIxc/csknJp+QLrUE\n/+uAx5xzwxXDNpPsEN5Qw/x/DHwTeHLqemHZt29faIUMufiRix+55BOTT0iXWoL/BqCzcoBzrhcY\nTcflYmYXAr8OvHe6giFZtWpVaIUMufiRix+55BOTT0iXWoL/UmC/Z/hQOq6IjwIfc87VdCeDmd2e\nnhje0t/fz+DgIP39/fT19TE0NER3dzdjY2N0dHRQKpVobW0FXukcqbW1lVKpREdHB2NjY3R3dzM0\nNERfXx/l5fX09DAyMkJnZycTExPZ7dXlZZTf29vb6erqoquri+HhYXp7exkYGGBgYIDe3l6Gh4fp\n6upifHyc9vZ27zLa2tqYmJigs7OTkZERenp6pr1N3/3ud+uyTePj4zPepu7u7rpsUz3q6bnnnqvL\nNtWjnn7wgx/Ure3NdJueffbZurW9mW7Trl276tb2VE/V66lWqnbvYGaHgDudcw9NGr4b+Jxz7q6c\n+d4BPASc7ZwbNrMzgF3AW5xz/1RNLIbuHUqlEg0NcVwNKxc/cvEjl3xi8pkNl3p27zAEnOAZvjQd\n51v5fOBDwP1Ag5ktAconh48zs8U1rDc427ZtC62QIRc/cvEjl3xi8gnpUkvm/zTQ55y7uWLYaUAv\n8PPOuUc88ywhZ8eQ0u2cW1+03hgyfyGEONqoZ+b/KHDtpGz9JmAMeCpnnhHgjZNe5Z3HXcAv1bDe\n4OihD37k4kcufmJygbh8on6YS3qdfgfwIslhnDOBB4CHnHN3V0y3E3jKOXdrznLO4Cg75i+EEEcb\ndcv8nXNDwDXAPOARkhu8HgTumTRpYzrNnKF8Vj0G5OJHLn7kkk9MPiFd9DCXAub6VQHTRS5+5OIn\nJheIyyf2q32OWTo7O6tPdISQix+5+JFLPjH5hHRR8C9g7dq1oRUy5OJHLn7kkk9MPiFdFPwL2LNn\nT2iFDLn4kYsfueQTk09IFwX/ApYtWxZaIUMufuTiRy75xOQT0kXBv4DR0dHQChly8SMXP3LJJyaf\nkC4K/gXEckUAyCUPufiRSz4x+YR0iacUImT+/PmhFTLk4kcufuSST0w+IV0U/AsYGRkJrZAhFz9y\n8SOXfGLyCemi4F/A8uXLQytkyMWPXPzIJZ+YfEK6KPgXsHv37tAKGXLxIxc/csknJp+QLureoYCJ\niQkaGxuDOpSRix+5+JFLPjH5zIaLuneoA9u3bw+tkCEXP3LxI5d8YvIJ6aLMXwgh5hDK/OuAHvrg\nRy5+5OInJheIyyfqh7mEQpm/EEJMHWX+dUAZgh+5+JGLn5hcIC4fZf4elPkLIcTUUeZfB9rb20Mr\nZMjFj1z8yCWfmHxCuijzL2B8fJwFCxYEdSgjFz9y8SOXfGLymQ0XZf51oLe3N7RChlz8yMWPXPKJ\nySeki4J/AStXrgytkCEXP3LxI5d8YvIJ6aLgX8D+/ftDK2TIxY9c/Mgln5h8Qroo+BfQ3NwcWiFD\nLn7k4kcu+cTkE9JFwV8IIY5BFPwLOHDgQGiFDLn4kYsfueQTk09IFwX/ApYsWRJaIUMufuTiRy75\nxOQT0kXBv4C9e/eGVsiQix+5+JFLPjH5hHTRTV4FzPWbQaaLXPzIxU9MLhCXj27yipQdO3aEVsiQ\nix+5+JFLPjH5hHRR5i+EEHOIumb+ZnaemT1pZqNmtsfM3m9m86rMs9HM/iWdftzMes3sr8zslFo3\nIjTq+tWPXPzIxU9MLhCXT9RdOpvZUmA70AHcD6wDPgI86Jy7u2C+nwR+BXgG2AOsBe4BhoDXOecm\nitarzF8IIaZOPTP/O4CFwI3Oucedcw8D9wHvMbPj82Zyzn3LOfdbzrkvOue+4Zz7NHAbcDFwYW2b\nERZlCH7k4kcufmJygbh8Ys/8nwb2OOfeUTFsDfAS8PPOuUdqXpnZpcBW4HLn3HeKplXmL4QQU6ee\nmf8GoLNygHOuFxhNx1UTaTCzJjM7B/gg8F3guRrWG5y2trbQChly8SMXP3LJJyafkC61BP+lgK/r\nuaF0XDW+BoyT7ECWAdc750q+Cc3sdjPbYmZb+vv7GRwcpL+/n76+PoaGhuju7mZsbIyOjg5KpRKt\nra3AK3+dWltbKZVKdHR0MDY2Rnd3N0NDQ/T19VFeXk9PDyMjI3R2djIxMZEVfnkZ5ff29nbWr19P\nV1cXw8PD9Pb2MjAwwMDAAL29vQwPD9PV1cX4+Hj2NJ7Jy2hra2NiYoLOzk5GRkbo6emZ9jbNmzev\nLts0Pj4+420655xz6rJN9agnM6vLNtWjns4999y6tb2ZblOpVKpb25vpNm3cuLFubU/1VL2easY5\nV/gCDgG/6xm+G/hADfOfBfwE8MskO4CtQHO1+TZt2uRC873vfS+0QoZc/MjFj1zyiclnNlyALa5K\nfHXO0VjD/mEIOMEzfGk6rtrOpSv9+KyZPQPsAm4BPlXDuoOyevXq0AoZcvEjFz9yyScmn5AutRz2\n6WTSsX0zOw1oYdK5gGo4514C9gFnTmW+UAwODoZWyJCLH7n4kUs+MfmEdKkl+D8KXGtmiyuG3QSM\nAU9NZWXpSd8TSbL/6Fm0aFFohQy5+JGLH7nkE5NPSJdaDvs8DLwb+LKZ3U+Std8LPOCcGy5PZGY7\ngaecc7em3z8MTADPkpwwPhf4PaAb2FzHbZg1Dh06FFohQy5+5OJHLvnE5BPSpWrwd84Nmdk1wMeA\nR0gC+YMkO4DJy6rs8mEL8NvA7UAz0At8CfgT59yPZ2x+BCiVvBclBUEufuTiRy75xOQT0qWWzB/n\nXAdwdZVpzpj0fTNHSYafR0tLS2iFDLn4kYsfueQTk09IF3XpXMC+fftCK2TIxY9c/Mgln5h8Qroo\n+BewatWq0AoZcvEjFz9yyScmn5AuCv4F7NoVz0VJcvEjFz9yyScmn5AuephLAaVSiYaGOPaPcvEj\nFz9yyScmn9lw0WMc68C2bdtCK2TIxY9c/Mgln5h8Qroo8xdCiDmEMv86oIc++JGLH7n4ickF4vKJ\n+mEuoVDmL4QQU0eZfx0o95sdA3LxIxc/csknJp+QLsr8C5jrVwVMF7n4kYufmFwgLh9d7RMpnZ1T\n6rF6VpGLH7n4kUs+MfmEdKmpb5+jjTPe989Tmr7ngz/nHb527dp66NQFufiRix+55BOTT0gXZf4F\n7NmzJ7RChlz8yMWPXPKJySeki4J/AcuWLQutkCEXP3LxI5d8YvIJ6aLgX8Do6GhohQy5+JGLH7nk\nE5NPSBcF/wJiuSIA5JKHXPzIJZ+YfEK6xFMKETJ//vzQChly8SMXP3LJJyafkC4K/gWMjIyEVsiQ\nix+5+JFLPjH5hHRR8C9g+fLloRUy5OJHLn7kkk9MPiFdFPwL2L17d2iFDLn4kYsfueQTk09IFwX/\nAtavXx9aIUMufuTiRy75xOQT0kXBv4Dt27eHVsiQix+5+JFLPjH5hHSZkx271at7ByGEONpQx251\nQA998CMXP3LxE5MLxOWjh7l4UOYvouXeE6Y4/Y9mx0MID8r864AyBD9y8bP19N8MrZARVblE5AJx\n+Sjz96DMX0SLMn8RMcr860B7e3tohQy5+InK5dRbQitkRFUuEblAXD4hXebkw1zqxdlnnx1aIUMu\nfurlMpV/iz3NOS57H6mLSz2Yi3VUL2LyCemizL+A3t7e0AoZcvETlcuyK0IrZERVLhG5QFw+IV0U\n/AtYuXJlaIUMufiJymX4hdAKGVGVS0QuEJdPSJeagr+ZnWdmT5rZqJntMbP3m9m8KvO8zsw+a2a7\nzGzMzL5vZveYWc6f5vjYv39/aIUMufiJyqXljNAKGVGVS0QuEJdPSJeqx/zNbCnwBNAB3ACsAz5C\nsuO4u2DWm4C1wAeALuBC4I/T97fNyPoI0dwcz35KLn6icjkUT1CJqlwicoG4fEK61HLC9w5gIXCj\nc24YeNzMjgfuNbM/TYf5+KBzbrDi+zfM7ADwl2Z2unPupZmpCyGEmC61HPa5DnhsUpDfTLJDeEPe\nTJMCf5nn0/dVNRsG5MCBA6EVMuTiJyqX+UtCK2REVS4RuUBcPiFdagn+G4DOygHOuV5gNB03FS4H\nSkD3FOcLwpIl8fyY5eInKpfRntAKGVGVS0QuEJdPSJdagv9SwHcwcygdVxNmdjLJOYK/ds4N5Exz\nu5ltMbMt/f39DA4O0t/fT19fH0NDQ3R3dzM2NkZHRwelUonW1lbglVukW1tbKZVKXL/mMEuaHFee\nXGLNIsclJ5Y4f2mJdYsdl59UYkWz42dWl2hqcLx97eFXLaP83t7eTl9fH11dXQwPD9Pb28vAwAAD\nAwP09vYyPDxMV1cX4+Pj2Y0ak5fR1tbGxMQEnZ2djIyM0NPTM+1teuGFFxgbG6O7u5uhoSH6+voo\nl1FPTw8jIyN0dnYyMTFBW1tb7jaNj4/PeJv6+/vrsk0dHR0z3qa2tra6bFNTQ9ImVjQnbWTdYsf5\nS0tccmLShq48ucSSJsf1aw5TooHWNbcly0i7dGhdcxsvH38RHae8nbH5y+he8dMMtZxJ35KfCFJP\n27Ztq1vbm2k97d27t25trx7b9PLLL9el7cVaT7VStXsHMzsE3Omce2jS8N3A55xzd1VdiVkTyUnj\n1cAm59xQtXli6N5hfHycBQsWTMuh3sjFT71cpnaTl/9O3vHGxSyY+I/XjgjQvcNcrKN6EZPPbLjU\n2r1DLSd8hwBfZyZL03HVRAz4HLAR+KlaAv8RJ6evlh2n3sIFfV/0TH/kf8w7duzgggsuOOLr9SEX\nPztWvsXfXgIQVblE5AJx+YR0qSX4dzLp2L6ZnQa0MOlcQA4PkVwi+tPOuVqmj4ZYfshANI0V5JKH\n2oufmFwgLp+QLrUc838UuNbMFlcMuwkYA54qmtHM/gB4F/DLzrl/nbZlINRFrx+5+FF78ROTC8Tl\nE3WXzulNXh3Ai8D9wJnAA8BDzrm7K6bbCTzlnLs1/X4L8AXgM8BfTlpst3Puh0XrPaLH/HOO4eai\nLnrnHPU45p+L2os4gtStS+f0GP01wDzgEeA+4EHgnkmTNqbTlHlz+v5fgG9Peh0VHegrk/MjFz9q\nL35icoG4fKLO/EOhzF8cSZT5i7mCHuZSB9pWvzO0Qkb5WuMYkIsftRc/MblAXD4hXRT8C9i4Z3No\nhYyNGzeGVsiQix+1Fz8xuUBcPiFdFPwL2HnSdaEVMnbu3BlaIUMuftRe/MTkAnH5hHRR8C9g9dC3\nQytkrF69OrRChlz8qL34ickF4vIJ6aLgX8DgonNDK2QMDvo6SQ2DXPyovfiJyQXi8gnpouBfwKID\n/aEVMhYtWhRaIUMuftRe/MTkAnH5hHRR8C/g0LyW0AoZhw4dCq2QIRc/ai9+YnKBuHxCuij4F1Bq\naAqtkFEqlUIrZMjFj9qLn5hcIC6fkC61dOx2zNJysLAHiiNKS0s8WaVc/MzF9lKP7tFjqiOIyyek\nizL/AvYdty60Qsa+fftCK2TIxY/ai5+YXCAun5AuCv4FrNofTx8gq1bF89hjufhRe/ETkwvE5RPS\nRcG/gF3LrwmtkLFr167QChly8aP24icmF4jLJ6SLjvkXsKH/S6EVMjZs2FB9oiOEXPyovfgJ5pLz\nhL4NNACTTrQG6nwvZD0p8y9g25pbQytkbNu2LbRChlz8qL34ickFVE9lFPwLuLT3E6EVMi699NLQ\nChly8aP24icmF1A9lVHwL0AP5/AjFz9qL35icgHVUxkF/wI2vTT56ZPh2LRpU2iFDLn4UXvxE5ML\nqJ7KKPgX0LrmttAKGa2traEVMuTiR+3FT0wuoHoqo+BfwMW9nwytkHHxxReHVsiQix+1Fz8xuYDq\nqYyCfwGdp7wttEJGZ2dnaIUMufhRe/ETkwuonsoo+BewdvDJ0AoZa9euDa2QIRc/ai9+YnIB1VMZ\nBf8C9iyJ50TVnj17QitkyMWP2oufmFxA9VRGwb+AZT/uDq2QsWzZstAKGXLxo/biJyYXUD2VUfAv\nYLRpRWiFjNHR0dAKGXLxo/biJyYXUD2VUd8+BTSUDoZWyGhomPl+uh59s9fLpV5E5TLH2ku9iMkF\nVE/ZuoOt+Shg/uF4Mpb58+eHVsiQix+1Fz8xuYDqqYyCfwEjzaeEVsgYGRkJrZAhFz9qL35icgHV\nUxkF/wKWj3wvtELG8uXLQytkyMWP2oufmFxA9VRGx/wL2L30cja8/JXQGgDs3r07mj7a5eJH7cVP\nTC4QqJ5yni2w++S3+l2OwPMFlPkXsH7g0dAKGevXrw+tkCEXP2ovfmJygcjqKaBLTcHfzM4zsyfN\nbNTM9pjZ+81sXpV5mszsQ2b2jJmNmZmrj/KRY/uqd4RWyNi+fXtohQy5+FF78ROTC0RWTwFdqh72\nMbOlwBNAB3ADsA74CMmO4+6CWVuA3wCeA74FXD1T2SPNRbs/G1oh46KLLgqtkCEXP2oveA9vXATw\nj75pwzw6Map6CuhSS+Z/B7AQuNE597hz7mHgPuA9ZnZ83kzOuf3AMufctfirPnr00Ac/cvGj9uIn\npnKBuHxCutQS/K8DHnPODVcM20yyQ3hD0YzOuaPuUE8leuiDH7n4UXvxE1O5QFw+IV1qCf4bgFf1\nO+qc6wVG03FzlqgyhJgyObl4UXvxE1O5QFw+sWf+S4H9nuFD6bi6YWa3m9kWM9vS39/P4OAg/f39\n9PX1MTQ0RHd3N2NjY3R0dFAqlbKn4JQbemtrK6VSievXHGZJk+PKk0usWeS45MQS5y8tsW6x4/KT\nSqxodvzM6hJNDY63rz2cLCOthPJ7+6m3cH7fF+k66WcZbl5N77LXM7D4fAYWn09vby/Dw8N0dXUx\nPj5Oe3v7qzzK721tbUxMTNDZ2cnIyAg9PT3T3qaFCxcyNjZGd3c3Q0ND9PX1US6jnp4eRkZG6Ozs\nZGJigra2Nq/PL5x+mOMaHVevKnFKi+N1K0qcc0Lyet2KZNjVq0oc1+j4hdMP527TRRddVJdt6ujo\nmPE2NTU1MT4+TldXF8PDw/T29jIwMMDAwMCU6qmpIWkTK5qTNrJuseP8pSUuOTFpQ1eeXGJJk+P6\nNYcp0ZA9DarcXlrX3MYlL32CjlPeztj8ZXSv+GmGWs6kb8lPTHmb2tvbZ7xNjY2NdWl7Dbgp/Z7a\nVr/zNb+nTS/9Je2n3sJ44+JX/56mUU9T2qap1NM02t6U6unUW7xxpvHwASYaFtB58lsZWbCSnhOv\nYvC4c2b0e6oVq3ZkxswOAXc65x6aNHw38Dnn3F1VV2L2LuCjzjmrVeyyyy5zW7ZsqXXyVzHlPmya\nb/EObz/1Fi7o++JrRwQ4UdXe3s4FF1wwo2XUq2+ferjUi3q5TKVsjpX2AvX5LQUrl5xr670+MbnM\n0MfMtjrnLqs2XS2Z/xDgM1+ajpuznL33kdAKGWeffXZohQy5+FF78RNTuUBcPiFdarnDt5NJx/bN\n7DSSSznjej5bnelddgVnDXwttAYAvb29nHXWWUd2pTnZSu9JP+svlwAZbpByyeGYby85xFQuEJdP\nSJdagv+jwJ1mttg59x/psJuAMeCpWTOLgJXDL4RWyFi5cmVohQyVix+Vi596lcvUD0H5h0dVTwFd\najns8zAwDnzZzN5kZrcD9wIPVF7+aWY7zeyTlTOa2XVm9ovAxen3X0xfp9dtC2aR/S1nhFbI2L/f\nd849DCoXPyoXPzGVC8TlE9KlaubvnBsys2uAjwGPkFz58yDJDmDysiZ3+fAXQGWg//v0/deAz0xd\n98jSfCieH1Bzc04aEwCVix+Vi5+YygXi8gnpUlOvns65Dqp0z+CcO6OWYUIIIcKjXj0LODB/SWiF\njAMHDoRWyFC5+FG5+ImpXCAun5AuCv4FLBntCa2QsWRJPA1W5eJH5eInpnKBuHxCuij4F7D3+AtD\nK2Ts3bs3tEKGysWPysVPTOUCcfmEdFHwL2DNvmdCK2SsWbMmtEKGysWPysVPTOUCcfmEdFHwL2DH\nyreEVsjYsWNHaIUMlYsflYufmMoF4vIJ6aLgX4C3z41AxNKXDqhc8lC5+ImpXCAun5AueoB7AeUe\nCWNg69at0fTRrnLxo3LxE1O5QH186nW3cciyUeZfQEwNNpYfMqhc8lC5+ImpXCAun9gf5nLMEtVD\nH/RwDi8qFz8ql3xi8on9YS7HLFFlCMrkvKhc/Khc8onJR5l/pJSfShQD5acJxYDKxY/KxU9M5QJx\n+YR0UfAvYOOezaEVMjZu3BhaIUPl4kfl4iemcoG4fEK6KPgXsPOk60IrZOzcuTO0QobKxY/KxU9M\n5QJx+YR0UfAvYPXQt0MrZKxevTq0QobKxY/KxU9M5QJx+YR00XX+BQwuOpdF43H0kTI4OMiiRYtC\nawCByiXnkZKDJ17Fon//hmf6I/9ISbUXPzGVC8TlE9JFmX8Biw70h1bIiOWHDJGVi1y8qL3kE5NP\nSBcF/wIOzWsJrZBx6NCh0AoZUZWLXLyoveQTk09IFwX/AkoNTaEVMkqlUmiFjKjKRS5e1F7yickn\npIuCfwEtB38YWiGjpSWebCWqcpGLF7WXfGLyCemi4F/AvuPWhVbI2LdvX2iFjKjKRS5e1F7yickn\npIuu9ilg1f54+kdZtWpVaIWMepXLVHpGzOsVMao6isllDraXehGTT0gXZf4F7Fp+TWiFjF27doVW\nyIiqXOTiRe0ln5h8Qroo+Bewof9LoRUyNmzYEFohI6pykYsXtZd8YvIJ6aLgX8C2NbeGVsjYtm1b\naIWMqMpFLl7UXvKJySeki475F3Bp7ydCK2RceumloRUyoiqXOegytXMht/hdAL7qGRHgzueY6gji\n8gnposxECUyJAAAKc0lEQVS/gKge+qCHc3iRix+55BOTT0gXZf4FBHnQQk4fNpsAHvFNf+QzOT0M\nw49c/MTkAnH56GEukdK65rbQChly8SMXP3LJJyafkC4K/gVc3PvJ0AoZcvEjFz9yyScmn5AuCv4F\ndJ7yttAKGXLxIxc/csknJp+QLgr+BawdfDK0QoZc/MjFj1zyicknpEtNJ3zN7Dzgo8DlwH7gr4D7\nnHOHq8x3AvAQ8FaSHc0/Ae92zv37TKSPFHuWbGLdDx+f0TKmctke5HdjUA+XeiEXP3LxE5MLxOUT\n0qVq8DezpcATQAdwA7AO+AhJML+7yux/B5wN/AZQAu4HvgJcMX3lI8eyH3eHVsiQix+5+JFLPjH5\nhHSp5bDPHcBC4Ebn3OPOuYeB+4D3mNnxeTOZ2eXAm4F3Oue+5Jz7R+CXgdeb2Zvq4D7rjDatCK2Q\nIRc/cvEjl3xi8gnpUkvwvw54zDk3XDFsM8kO4Q1V5tvrnHu6PMA59xywKx0XPQ2lg6EVMuTiRy5+\n5JJPTD4hXWoJ/huAzsoBzrleYDQdV/N8Kd+rMl80zD88GlohQy5+5OJHLvnE5BPSxZxzxROYHQLu\ndM49NGn4buBzzrm7cuZ7HPixc+6tk4Z/HjjTOfeTnnluB25Pv54DfL/WDZkllgODgR3KyMWPXPzI\nJZ+YfGbD5XTnXNXjSVF17+Cc+zjw8dAeZcxsi3PustAeIJc85OJHLvnE5BPSpZbDPkOAr8OZpem4\nes8nhBBilqkl+Hcy6Ri9mZ0GtOA/pp87X0reuQAhhBBHiFqC/6PAtWa2uGLYTcAY8FSV+U42s9eX\nB5jZZcCZ6bijgWgOQSGXPOTiRy75xOQTzKWWE75LSW7wepHkJq0zgQeAh5xzd1dMtxN4yjl3a8Ww\nx4CzgPfyyk1eA865o+ImLyGEmKtUzfydc0PANcA8kh7l7wMeBO6ZNGljOk0lN5H8O/gU8DlgK/AL\nM1MWQggxU6pm/kIIIeYec7ZXTzM72cw2m1m3mW01s6+Z2dnpuN81swNpx3Pl6a8ysx+Z2fNm9n0z\ne9rMrq8Yf6+Z9ZnZNjPrMrMvpx3elce/y8x2mpkzs+UR+Hwhne9FM/uUmc0vKKvD6XJeNLNHzGzJ\n9Eo9W942M9s8g/nLPuXX+6a5nIfSMqqpnQeoo0+aWZuZvWBm/2Bmi0K5VEz3v81spIayqkubmeTV\naWZ/UWt95fhMq81UlN+2tD6eMLOTctbxopn9vZm1VFnmXRWfzzCzF6e2VbOMc27OvQADvg3cUTHs\nIuCK9POzwDPAr1WMvwr4p4rvFwM9wDXp93uB91aMvwl4GViRfr8EOCOdZ3kEPj+brteAvwF+q6C8\nRio+fxb4wxmU/blAO9AHHDfNZYxMd/0Vy2gAXgK+A7wx0jZzfMW4B4D3hXJJh10G/HUt5V+vNlPp\nldbZv9ZSX/VuM57y+xOSnovztvkLwHumUEZnAC/OtF3X8zVXM/83Aodc0gkdAM65NufcM2a2DlhE\n0iPpzXkLcM5tA94PvCtn/N8CXwduSb8/75zricjnay4FeA5YnbfsSXwbOLX8xczuNLPvptnQfRXD\nfzUd1mZmf10x/80kAeTrJL3A1g0z+6CZdaTr/XA67O1pJtZmZk9XTH4VsB34CwrKtYIQdTScboOR\n9JVVPgZ7xF3MbB7wIeD38pZZwEzbTJkmoJk63gc0xTZTnseAxVU8ngHWp9N/Jf13tt2SXgowsw8C\nC9N/Cl9I55lnZp9Ip/u6mS00s5PMbGs6z0WWHDlYk37vNrMWM3uLmT2b/qt7wsxWmllD+g9uRTpt\ngyVHHmruKW6uBv/zSU4u+3gHScd0zwDnmNnKguW0UtwPUbXxwX0sOdzzK8C/VJNMA8A1wFfT728m\nuVrrP5FkkpvM7Eoz20gSfK52zl0E/E7FYm5Kt+dvqC3o+ij/aMqvm8zsRJKLBTY65y4E/kc67R8B\n16YeP1+xjJtTh38Efs4KDnulBKkjM/s0SQa+geSZGaFc3gV81TnXXzD9a6hTm/lvZrYN6Ad2pDuu\nqVKPNnNF6tELvInkQhXfNjeSdE7Zng76defcJpJ/Tu82sxOdc+8DxpxzFzvnfimd7izgz5xzG0me\ni/I259wA0GxJD8lXAFtSj9NJrowcJfk39J+dc5eQ1P3vOedKwOeB8rLfBLQ5535Ya4HN1eBfxM3A\n5rTwvgS8vWBaq7KsauNj8Plz4Gnn3DMF8y1MG/3LwEqg/HSJN6ev53klUJwFXA38vXNuEMA5tw+y\n+zgGXdLx35PAJWa2rIqzj/KPpvz6W+BHwAHgk2Z2I0nHggDfBD5jZreRXm1mZk0kh72+kmbXzwLX\nTsOjzKzVkXPu14BVJB0e3hTCxcxWpcv5aPHkr6IubSblQefcxcBJwHFm9o4peJSZUZtJeSad9zTg\n08Cf5mzzFpIdRPkBvO82szaSQ4ynpdvrY1fFjm0ryaEggG8BPwVcCXwgfb+CZAcPyb/2x8ysHbgT\n2JgO/xTwq+nnX0+da2auBv/twKbJA83sApKKedzMekiyqKLs9BKSH+V0xwf1MbN7gBXAe6r4jaU/\nvtNJAsJ/LS8C+JOKH9R651zRE6dvBjak29INHA/U5SGlzrkJkmzyH4DrSf/JOOfuIMkoTwO2ptne\ntcASoD11eT3V/4UEazMueSLeZl4pqyPtcgnJIYyd6XJbLLlvp4h6tZkM59whknq9spbpa1jeVNrM\nZL7q8ajcwfy2c+6gmV1FknVfnv6TeJ7k0JWP8YrPh3mlb7WnSYL96cD/ITm/83peCf4fBT7mnLsA\n+M3y8p1z/wbsNbOr0+2c2s2zoU86zMaLpAE+C9xeMexC4P8BfzBp2l1poV/Fq0/4XJiOyzth9jYm\nnTBLh/fgP+F7RH1Inp72LWBhDeVVeWLqEpITpY0kGdyzwKJ03Kkk2dlGYAdwYjp8GUki8W/Aqopl\nvRH4v9Oov9ecvCM5zn1S+vkE4N/Tz+sqpvkuyaGGLwI3Vww/DhgAWmJpM+n61les+8PAh0O337zy\nn402M9kr3e7PA/89QJuZXH63AY/UsI4bytOR/Ms5AFyVfh8C5qefz6DihC/Jja/3VozrBT6ffv9a\n+n1p+v15YFP6+dPANybV4x7g/imX2VRnOFpeJH+l/44kA90O/DPJCbUNk6Z7APj9tPJ/lBb090n2\num+pmO5ekitYtgFdJMeSz6sY/25gNzCRVsZfBfaZSNe1LX39Ua0/HJKb+X4l/fw7JMc220lO7K1L\nh7+T5K7vNuAzJA/2+c6k5cwjCTCnTLHuDld4bwM+CJxCcuL6hdTlnem0X06/vwj8L5JAv4+KK2kq\nprspljZDsrP8ZoX7F3j11T9HtL0UtYfZajMer+0k52mqJix1bjNWUX7bUr+ngbOrlQuwgCTj/h7J\nI2q/wSvB//50+BcoCP7p938j3dkDdwEvVIy7AfgByaGiD/Hq4D8fGJ7cLmp56SYvIYQ4SknPsz3o\nptFlTlT9+QshhKgNS25k+y1eueJnavMr8xdCiGOPuXq1jxBCiAIU/IUQ4hhEwV8IIY5BFPyFEOIY\nRMFfCCGOQf4/fu7G1JbHbE0AAAAASUVORK5CYII=\n",
      "text/plain": [
       "<matplotlib.figure.Figure at 0x11e068a20>"
      ]
     },
     "metadata": {},
     "output_type": "display_data"
    }
   ],
   "source": [
    "xs = arange(9)/2\n",
    "\n",
    "width = 1/ 6\n",
    "\n",
    "bar(xs, gini, width)\n",
    "bar(xs+width, shap1, width)\n",
    "\n",
    "\n",
    "yticks(arange(11)/10, arange(11)/10, fontsize=15)\n",
    "xticks(xs + width, labels, fontsize=10)\n",
    "ylim( (0, .5) )\n",
    "grid(linestyle=':')"
   ]
  },
  {
   "cell_type": "code",
   "execution_count": null,
   "metadata": {
    "collapsed": true
   },
   "outputs": [],
   "source": []
  },
  {
   "cell_type": "code",
   "execution_count": null,
   "metadata": {
    "collapsed": true
   },
   "outputs": [],
   "source": []
  },
  {
   "cell_type": "code",
   "execution_count": null,
   "metadata": {
    "collapsed": true
   },
   "outputs": [],
   "source": []
  },
  {
   "cell_type": "code",
   "execution_count": 50,
   "metadata": {
    "collapsed": true
   },
   "outputs": [],
   "source": [
    "results = [\n",
    "    array([\n",
    "        [\n",
    "            get_interaction(lookup_results, i, j, e) if i != j else get_shapley(lookup_results, i, e)\n",
    "            for j in range(9)\n",
    "        ]\n",
    "        for i in range(9)\n",
    "    ])\n",
    "    for e in range(7)\n",
    "]\n",
    "\n",
    "for e in range(7):\n",
    "    arr = results[e]\n",
    "    min_s = min(arr[i, i] for i in range(9))\n",
    "    max_s = max(arr[i, i] for i in range(9))\n",
    "    var_s = max_s - min_s\n",
    "    \n",
    "    min_i = min(arr[i, j] for i in range(9) for j in range(9) if i != j)\n",
    "    max_i = max(arr[i, j] for i in range(9) for j in range(9) if i != j)\n",
    "    var_i = max_i - min_i\n",
    "    \n",
    "    mapping = lambda x: min_i + (x - min_s)/var_s*var_i\n",
    "    for i in range(9):\n",
    "        arr[i, i] = mapping(arr[i, i])"
   ]
  },
  {
   "cell_type": "code",
   "execution_count": 51,
   "metadata": {},
   "outputs": [
    {
     "data": {
      "text/plain": [
       "[array([[ 0.09967381, -0.03882738, -0.13970429, -0.0420281 , -0.07081976,\n",
       "         -0.03965   , -0.1793031 , -0.08111571, -0.07630024],\n",
       "        [-0.03882738, -0.1793031 , -0.02735833, -0.0238781 , -0.03441952,\n",
       "         -0.02320905, -0.03040833, -0.00837714,  0.09967381],\n",
       "        [-0.13970429, -0.02735833, -0.00222004, -0.06895738, -0.13676452,\n",
       "         -0.04870595, -0.13337643, -0.07714167, -0.02960381],\n",
       "        [-0.0420281 , -0.0238781 , -0.06895738, -0.13166601, -0.05886095,\n",
       "         -0.0174    , -0.07443952, -0.04122738, -0.00200714],\n",
       "        [-0.07081976, -0.03441952, -0.13676452, -0.05886095,  0.02351431,\n",
       "         -0.04160405, -0.14219405, -0.08766952, -0.06753119],\n",
       "        [-0.03965   , -0.02320905, -0.04870595, -0.0174    , -0.04160405,\n",
       "         -0.16666641, -0.04180357, -0.01580762, -0.02423762],\n",
       "        [-0.1793031 , -0.03040833, -0.13337643, -0.07443952, -0.14219405,\n",
       "         -0.04180357,  0.0264095 , -0.0961731 , -0.01723143],\n",
       "        [-0.08111571, -0.00837714, -0.07714167, -0.04122738, -0.08766952,\n",
       "         -0.01580762, -0.0961731 , -0.07328873,  0.07207381],\n",
       "        [-0.07630024,  0.09967381, -0.02960381, -0.00200714, -0.06753119,\n",
       "         -0.02423762, -0.01723143,  0.07207381, -0.12682633]]),\n",
       " array([[-0.02355879, -0.02958905, -0.08412214, -0.05589167, -0.11352619,\n",
       "         -0.01771738, -0.07620452, -0.12275119, -0.01491333],\n",
       "        [-0.02958905, -0.15316095, -0.02153833, -0.01471333, -0.03348714,\n",
       "         -0.01206143, -0.01736905, -0.10437929,  0.05370976],\n",
       "        [-0.08412214, -0.02153833, -0.04736071, -0.07303476, -0.07638071,\n",
       "         -0.0208019 , -0.07003333, -0.13782048, -0.00108786],\n",
       "        [-0.05589167, -0.01471333, -0.07303476, -0.03351445, -0.09016214,\n",
       "         -0.04274333, -0.07740714, -0.15316095, -0.00337619],\n",
       "        [-0.11352619, -0.03348714, -0.07638071, -0.09016214,  0.05076352,\n",
       "         -0.04004452, -0.07577905, -0.11113667, -0.01262881],\n",
       "        [-0.01771738, -0.01206143, -0.0208019 , -0.04274333, -0.04004452,\n",
       "         -0.12792398, -0.01861429, -0.02050286,  0.04540857],\n",
       "        [-0.07620452, -0.01736905, -0.07003333, -0.07740714, -0.07577905,\n",
       "         -0.01861429,  0.01203083, -0.13390786, -0.0514181 ],\n",
       "        [-0.12275119, -0.10437929, -0.13782048, -0.15316095, -0.11113667,\n",
       "         -0.02050286, -0.13390786,  0.05370976, -0.08556643],\n",
       "        [-0.01491333,  0.05370976, -0.00108786, -0.00337619, -0.01262881,\n",
       "          0.04540857, -0.0514181 , -0.08556643, -0.06680811]]),\n",
       " array([[-0.0129002 , -0.10638405, -0.10441357, -0.08978024, -0.09160452,\n",
       "         -0.13560952, -0.09713024, -0.10830738,  0.01410286],\n",
       "        [-0.10638405, -0.01537731, -0.11787   , -0.10745881, -0.09844357,\n",
       "         -0.11197762, -0.09705762, -0.10290286, -0.0933281 ],\n",
       "        [-0.10441357, -0.11787   , -0.03480073, -0.11221595, -0.09546929,\n",
       "         -0.1329431 , -0.10230857, -0.11595381, -0.01774571],\n",
       "        [-0.08978024, -0.10745881, -0.11221595,  0.00205294, -0.12382762,\n",
       "         -0.12937071, -0.07741667, -0.08877476, -0.05508452],\n",
       "        [-0.09160452, -0.09844357, -0.09546929, -0.12382762, -0.05056071,\n",
       "         -0.12316524, -0.07253405, -0.03936833,  0.00019952],\n",
       "        [-0.13560952, -0.11197762, -0.1329431 , -0.12937071, -0.12316524,\n",
       "          0.01410286, -0.12571   , -0.13748881, -0.08726333],\n",
       "        [-0.09713024, -0.09705762, -0.10230857, -0.07741667, -0.07253405,\n",
       "         -0.12571   , -0.01172383, -0.07796738, -0.01250071],\n",
       "        [-0.10830738, -0.10290286, -0.11595381, -0.08877476, -0.03936833,\n",
       "         -0.13748881, -0.07796738, -0.001341  , -0.0269369 ],\n",
       "        [ 0.01410286, -0.0933281 , -0.01774571, -0.05508452,  0.00019952,\n",
       "         -0.08726333, -0.01250071, -0.0269369 , -0.13748881]]),\n",
       " array([[ 0.02756024, -0.03326571, -0.10908405, -0.07677929, -0.08934857,\n",
       "         -0.09168952, -0.12754881, -0.1486419 , -0.00379357],\n",
       "        [-0.03326571, -0.14826678, -0.03037476, -0.02628738, -0.01853714,\n",
       "         -0.03507976, -0.03537452, -0.0890631 ,  0.02756024],\n",
       "        [-0.10908405, -0.03037476, -0.06639048, -0.10102762, -0.09660476,\n",
       "         -0.10607571, -0.11272857, -0.14157571, -0.00274786],\n",
       "        [-0.07677929, -0.02628738, -0.10102762, -0.07466796, -0.09629286,\n",
       "         -0.0895319 , -0.10581048, -0.09399167, -0.04296405],\n",
       "        [-0.08934857, -0.01853714, -0.09660476, -0.09629286, -0.02358507,\n",
       "         -0.09088929, -0.0855431 , -0.08768024, -0.03154429],\n",
       "        [-0.09168952, -0.03507976, -0.10607571, -0.0895319 , -0.09088929,\n",
       "         -0.0629455 , -0.10655286, -0.09614143, -0.07449976],\n",
       "        [-0.12754881, -0.03537452, -0.11272857, -0.10581048, -0.0855431 ,\n",
       "         -0.10655286, -0.04899159, -0.1286581 ,  0.00473833],\n",
       "        [-0.1486419 , -0.0890631 , -0.14157571, -0.09399167, -0.08768024,\n",
       "         -0.09614143, -0.1286581 , -0.0098996 , -0.03754   ],\n",
       "        [-0.00379357,  0.02756024, -0.00274786, -0.04296405, -0.03154429,\n",
       "         -0.07449976,  0.00473833, -0.03754   , -0.1486419 ]]),\n",
       " array([[-0.03232991, -0.04902405, -0.09259048, -0.06464619, -0.08711667,\n",
       "         -0.08765238, -0.08505   , -0.06859738, -0.01218524],\n",
       "        [-0.04902405, -0.10397738, -0.04637071, -0.04600048, -0.05815357,\n",
       "         -0.05940286, -0.0355219 , -0.08180214,  0.03192548],\n",
       "        [-0.09259048, -0.04637071, -0.04823981, -0.0708169 , -0.08621167,\n",
       "         -0.08267214, -0.06502476, -0.07993524,  0.00904643],\n",
       "        [-0.06464619, -0.04600048, -0.0708169 , -0.01514275, -0.0837331 ,\n",
       "         -0.10079381, -0.06423762, -0.09332571,  0.00400238],\n",
       "        [-0.08711667, -0.05815357, -0.08621167, -0.0837331 ,  0.02577101,\n",
       "         -0.10397738, -0.07139548, -0.02946595,  0.000385  ],\n",
       "        [-0.08765238, -0.05940286, -0.08267214, -0.10079381, -0.10397738,\n",
       "         -0.00555576, -0.08118905, -0.08786429, -0.01879405],\n",
       "        [-0.08505   , -0.0355219 , -0.06502476, -0.06423762, -0.07139548,\n",
       "         -0.08118905,  0.03192548, -0.05608643, -0.0424169 ],\n",
       "        [-0.06859738, -0.08180214, -0.07993524, -0.09332571, -0.02946595,\n",
       "         -0.08786429, -0.05608643, -0.04442634, -0.01125333],\n",
       "        [-0.01218524,  0.03192548,  0.00904643,  0.00400238,  0.000385  ,\n",
       "         -0.01879405, -0.0424169 , -0.01125333, -0.08633985]]),\n",
       " array([[ -2.82498170e-02,  -6.47873810e-02,  -9.55319048e-02,\n",
       "          -5.00914286e-02,  -8.09980952e-02,  -6.46778571e-02,\n",
       "          -9.29492857e-02,  -1.12980476e-01,  -7.83333333e-05],\n",
       "        [ -6.47873810e-02,  -8.91375739e-02,  -6.79673810e-02,\n",
       "          -5.27497619e-02,  -5.66480952e-02,  -5.33407143e-02,\n",
       "          -4.79828571e-02,  -5.79040476e-02,   1.54176190e-02],\n",
       "        [ -9.55319048e-02,  -6.79673810e-02,  -2.72375088e-02,\n",
       "          -8.06111905e-02,  -9.76888095e-02,  -6.91176190e-02,\n",
       "          -9.35366667e-02,  -1.32913095e-01,  -2.02607143e-02],\n",
       "        [ -5.00914286e-02,  -5.27497619e-02,  -8.06111905e-02,\n",
       "          -5.61920670e-02,  -8.92454762e-02,  -5.82697619e-02,\n",
       "          -4.62909524e-02,  -1.20400714e-01,  -1.55697619e-02],\n",
       "        [ -8.09980952e-02,  -5.66480952e-02,  -9.76888095e-02,\n",
       "          -8.92454762e-02,  -5.75748753e-02,  -6.10776190e-02,\n",
       "          -8.69923810e-02,  -8.97440476e-02,  -7.05000000e-04],\n",
       "        [ -6.46778571e-02,  -5.33407143e-02,  -6.91176190e-02,\n",
       "          -5.82697619e-02,  -6.10776190e-02,  -8.21815296e-02,\n",
       "          -5.18395238e-02,  -5.62945238e-02,  -2.88673810e-02],\n",
       "        [ -9.29492857e-02,  -4.79828571e-02,  -9.35366667e-02,\n",
       "          -4.62909524e-02,  -8.69923810e-02,  -5.18395238e-02,\n",
       "          -1.33520996e-02,  -1.29971905e-01,  -1.20942857e-02],\n",
       "        [ -1.12980476e-01,  -5.79040476e-02,  -1.32913095e-01,\n",
       "          -1.20400714e-01,  -8.97440476e-02,  -5.62945238e-02,\n",
       "          -1.29971905e-01,   1.54176190e-02,  -1.11300000e-02],\n",
